9 -2
0,0 0,0 0,0 0,1 3,2 0,2 0,2 0,2 0,2
7,0 0,0 0,1 6,1 0,1 0,2 0,2 0,2 0,2
5,0 0,0 0,1 1,1 0,1 0,3 8,3 2,3 3,3
0,0 5,4 0,1 0,5 7,1 0,3 0,6 0,3 0,3
0,0 3,4 0,4 0,5 0,3 0,3 0,6 0,6 0,6
0,4 0,4 0,4 0,5 0,6 0,6 0,6 0,6 0,7
0,4 0,4 0,5 0,5 0,8 1,8 4,6 7,7 9,7
0,4 4,5 6,5 0,8 0,8 3,8 2,7 0,7 1,7
1,5 0,5 8,8 0,8 0,8 0,8 0,7 3,7 5,7

9 -1
0,0 0,0 0,0 0,1 3,2 0,2 0,2 0,2 0,2
7,0 0,0 0,1 6,1 0,1 0,2 0,2 0,2 0,2
5,0 0,0 0,1 1,1 0,1 0,3 8,3 2,3 3,3
0,0 5,4 0,1 0,5 7,1 0,3 0,6 0,3 0,3
0,0 3,4 0,4 0,5 0,3 0,3 0,6 0,6 0,6
0,4 0,4 0,4 0,5 0,6 0,6 0,6 0,6 0,7
0,4 0,4 0,5 0,5 0,8 1,8 4,6 7,7 9,7
0,4 4,5 6,5 0,8 0,8 3,8 2,7 0,7 1,7
1,5 0,5 8,8 0,8 0,8 0,8 0,7 3,7 5,7

0

4 2 1 5 3 6 7 9 8 
7 9 3 6 8 4 5 1 2 
5 6 9 1 4 7 8 2 3 
3 5 2 8 7 9 1 4 6 
8 3 4 2 1 5 9 6 7 
6 1 7 9 2 8 3 5 4 
2 8 5 3 6 1 4 7 9 
9 4 6 7 5 3 2 8 1 
1 7 8 4 9 2 6 3 5 